’ 64 . 1641116111 11. ·

¹ 1161111111 61114 61111161 1114. 6111111144 411 611616113111111111
. 11114 6141111111. 11. 6111111111.

4691 443 61111 41161131116111111 611111 1111111111111111 6111161111
4111111111Ε11611114 11116 1111111111 111111116611111111611163111

ῐ61611116166111111111114111. 11116111. 6111111111Ε11111611ὅ6116116·

633434· 61116611111116111141-111111131 6111116111 ’6116111611 -
433Ε111114411146411116111611166911111111116. . , .

’ 4614. 435 11111 6111111111 1611114 1111611631.1111161161111116111611
11111111411161111111111111611411 ·- 3611114111 31111111

’ 61111111. 1133

, 1611116 6111611611 6111111111 1111 1111111 11111111 1111111114
Ι61111114147316111111111116116111111111111111414, QQQm‘m.

464 6. 437 ῶ111111 1111 6111111161 11 1111111611 161116 41611161 616611
111 11111111 61111111) 111 1611164114 1114111 11111111 11111111 61116
’111411 11111114 1116161161 611611 111 1111111111611111611

· 6111Μὲ6161666111111. 611114 1663111141141161161111114.

46371ὕ1431 1111116164114 111 6161111111 ,6311116 1111 111 4111116611
2 moffgffiffiffiffimnffi mamam ’
· ⁸ 1611666666666666661111.611614411111111113111111111111111

61116 1116111611111111111111

· ⁸ 4649446. 3111116116111116111111111111611161111111111 mantem 114
61461646· 16666 6111111111ι 6111111411, 111 31111111 6611111111
4641 441. 1611 11.1111- 111 1111111111( 11 46161 111141 111111
4111116111 11161111 ’1111 · ·
4641 141. M 8111111 61111. 11141111 6111611111 1111 1161111611 61611·
1411116141

’1643

 

